[0;5;0]%{c:#006AA7}%{c:#FECC00}-%{c:#006AA7}---------
[0;2;0]%{c:#006AA7}-%{c:#FECC00}-%{c:#006AA7}--------
[0;2;0]%{c:#006AA7}--%{c:#FECC00}-%{c:#006AA7}-------
[0;2;0]%{c:#006AA7}---%{c:#FECC00}-%{c:#006AA7}------
[0;2;0]%{c:#006AA7}----%{c:#FECC00}-%{c:#006AA7}-----
[0;2;0]%{c:#006AA7}-----%{c:#FECC00}-%{c:#006AA7}----
[0;2;0]%{c:#006AA7}------%{c:#FECC00}-%{c:#006AA7}---
[0;2;0]%{c:#006AA7}-------%{c:#FECC00}-%{c:#006AA7}--
[0;2;0]%{c:#006AA7}--------%{c:#FECC00}-%{c:#006AA7}-
[0;5;0]%{c:#006AA7}---------%{c:#FECC00}-%{c:#006AA7}
[0;2;0]%{c:#006AA7}--------%{c:#FECC00}-%{c:#006AA7}-
[0;2;0]%{c:#006AA7}-------%{c:#FECC00}-%{c:#006AA7}--
[0;2;0]%{c:#006AA7}------%{c:#FECC00}-%{c:#006AA7}---
[0;2;0]%{c:#006AA7}-----%{c:#FECC00}-%{c:#006AA7}----
[0;2;0]%{c:#006AA7}----%{c:#FECC00}-%{c:#006AA7}-----
[0;2;0]%{c:#006AA7}---%{c:#FECC00}-%{c:#006AA7}------
[0;2;0]%{c:#006AA7}--%{c:#FECC00}-%{c:#006AA7}-------
[0;2;0]%{c:#006AA7}-%{c:#FECC00}-%{c:#006AA7}--------